0.910049
0.910065
0.9100946666666667
0.91011275
0.9101058
0.9101041666666667
0.9101004285714286
0.9100745
0.9100573333333334
0.9100501
0.9100017272727273
0.91000875
0.9100125384615385
0.9100472142857143
0.9100677333333334
0.91005725
0.9100932352941177
0.9100930555555555
0.9101015263157894
0.9101213
0.9101439523809524
0.9101470454545455
0.9101554782608695
0.91014825
0.91015192
0.9101444615384615
0.910147
0.91015775
0.9101775862068966
0.910176
0.9101712903225806
0.9101701875
0.9101847878787879
0.9101801176470589
0.9101944857142857
0.9101975
0.9102022162162162
0.9102048684210526
0.9102045128205128
0.91020175
0.9102005609756098
0.9101981666666666
0.9102064418604651
0.9102148409090909
0.9102064888888889
0.9102074782608696
0.9101970212765957
0.9101932916666666
0.9101916938775511
0.91018776
0.910188725490196
0.9101849230769231
0.9101763962264151
0.9101713518518518
0.9101646909090909
0.9101622678571428
0.9101643508771929
0.9101640172413793
0.9101668983050848
0.91016565
0.9101729180327869
0.9101817258064516
0.9101844444444445
0.910184015625
0.9101880461538462
0.9101802272727273
0.9101793432835821
0.9101818382352941
0.9101864492753623
0.9101829285714286
0.910183309859155
0.9101884305555555
0.9101902191780822
0.9101918513513514
0.9101885866666667
0.9101856184210526
0.9101842077922078
0.9101851410256411
0.9101882405063291
0.910184875
0.9101861851851852
0.9101850365853659
0.9101842048192771
0.9101862261904762
0.9101832
0.9101871162790698
0.9101870804597701
0.9101864886363636
0.9101838876404494
0.9101873
0.9101818901098901
0.9101830217391305
0.9101838709677419
0.9101851276595745
0.9101848736842105
0.9101887604166666
0.9101888969072165
0.9101919693877552
0.910195595959596
0.91019494
0.9101937623762376
0.9101948921568628
0.9101933883495146
0.9101958269230769
0.9101995428571429
0.910196141509434
0.9102004672897196
0.9102073796296296
0.9102066146788991
0.9102056454545454
0.9102047297297298
0.9102095892857143
0.9102086814159293
0.9102091228070175
0.9102069913043478
0.9102087241379311
0.9102122649572649
0.910210372881356
0.9102076806722689
0.9102085666666667
0.9102054876033058
0.910207475409836
0.9102082520325203
0.9102057338709677
0.910208248
0.9102070317460318
0.9102109763779528
0.910209609375
0.910212496124031
0.9102117846153847
0.9102112977099237
0.910211553030303
0.9102102631578948
0.9102115820895522
0.9102124296296297
0.9102139485294117
0.9102135620437957
0.9102141739130435
0.9102161942446043
0.9102175928571429
0.9102169716312056
0.9102180915492958
0.9102165734265735
0.9102156597222222
0.9102125034482759
0.9102116712328767
0.9102128911564625
0.9102126148648648
0.9102147516778524
0.9102136933333334
0.9102129139072848
0.9102115065789473
0.9102108823529412
0.910214435064935
0.9102157096774194
0.9102149871794872
0.9102182547770701
0.9102191139240506
0.910218786163522
0.9102176375
0.9102174968944099
0.9102171728395062
0.9102171840490798
0.9102183475609756
0.9102216909090909
0.9102223795180723
0.910219874251497
0.9102183035714285
0.9102178106508876
0.9102189176470589
0.9102178888888889
0.9102204593023255
0.9102238323699422
0.9102232816091954
0.9102225714285714
0.9102206477272727
0.9102208248587571
0.9102222471910112
0.9102220111731844
0.91022115
0.910221861878453
0.9102226538461539
0.9102224043715847
0.9102234184782608
0.9102263351351352
0.9102248225806452
0.9102248502673796
0.9102260904255319
0.9102263862433863
0.9102269789473684
0.9102258115183246
0.910226890625
0.9102293160621762
0.9102298711340207
0.9102259333333333
0.9102255153061225
0.9102230812182741
0.9102225909090909
0.9102206030150753
0.910219595
0.9102198756218906
0.9102221584158415
0.9102212610837438
0.9102243529411764
0.9102259609756097
0.9102263980582525
0.9102262995169083
0.9102257884615385
0.9102241770334928
0.9102247333333333
0.9102231327014219
0.9102219669811321
0.9102192159624413
0.9102201588785047
0.9102201255813953
0.9102209814814815
0.9102204055299539
0.910221252293578
0.9102219680365297
0.9102215136363636
0.9102209909502262
0.910220981981982
0.9102175695067265
0.9102166116071428
0.9102167422222223
0.9102177699115044
0.9102171982378855
0.9102152894736842
0.9102161877729258
0.9102145
0.9102130865800866
0.9102133922413793
0.9102135922746781
0.9102143418803419
0.9102155914893617
0.9102157923728813
0.9102164303797469
0.9102180714285715
0.9102176066945606
0.9102166791666667
0.9102167593360996
0.9102169173553719
0.9102187983539095
0.910218024590164
0.9102183959183674
0.9102172235772358
0.9102187530364373
0.9102170524193548
0.910219702811245
0.910220548
0.9102206175298805
0.9102196111111112
0.9102189486166008
0.9102206181102362
0.9102224588235294
0.91022098828125
0.9102209727626459
0.9102211782945736
0.9102206988416989
0.9102212846153847
0.9102211494252873
0.9102227977099236
0.9102232243346008
0.9102242878787878
0.9102243509433963
0.9102255037593985
0.9102256741573034
0.9102239291044776
0.9102241635687732
0.9102242962962963
0.910224664206642
0.9102252757352941
0.9102281465201465
0.9102272664233577
0.9102284145454546
0.9102273405797101
0.9102267400722022
0.9102262122302158
0.9102257096774193
0.9102275321428571
0.9102279110320285
0.910227414893617
0.9102279434628975
0.9102284295774647
0.9102273543859649
0.9102280384615384
0.9102285993031359
0.9102286180555555
0.9102282871972318
0.9102296586206896
0.9102302096219931
0.9102304794520548
0.9102293276450512
0.9102292619047619
0.9102294542372882
0.9102293243243244
0.9102285656565656
0.9102276677852349
0.9102270234113712
0.91022646
0.9102273521594685
0.9102281655629139
0.9102291452145215
0.9102297664473684
0.9102291868852459
0.9102290947712418
0.9102288469055375
0.9102283603896104
0.9102275566343042
0.9102268677419355
0.9102277845659164
0.9102282884615385
0.9102281086261981
0.9102277993630573
0.9102282857142857
0.9102279810126582
0.9102277539432176
0.9102263899371069